-1517 ms-
-begin packet-
00000100
-end packet, 0 ms-
-2 ms-
-begin packet-
00010111
11000100
00001100
00010001
00010111
01000100
01001100
-end packet, 84 ms-
-1950 ms-
-begin packet-
00000100
-end packet, 1 ms-
-2 ms-
-begin packet-
00010111
11000100
00001100
00010001
00010111
01000100
01001100
-end packet, 83 ms-
-1320 ms-
-begin packet-
00000100
-end packet, 1 ms-
-2 ms-
-begin packet-
00010001
00001100
11000100
00000100
00000100
00001100
11000100
00000100
00010001
00001100
11000100
00000100
00000100
00001100
11000100
00010001
00010111
01001100
01001100
01000100
01000100
00010001
01000100
01000100
00010001
01000100
01000100
01000100
01110001
01001100
01000100
01000100
01000100
01000100
11000100
01001100
00000000
00010001
00010111
01001100
01001100
01000100
01000100
00010001
01000100
01000100
00010001
01000100
01000100
01000100
01110001
01001100
01000100
01000100
01000100
01000100
11000100
01001100
00000000
00010001
01110111
00010111
01000100
01000100
11000100
01001100
01110111
11001100
01000100
00000111
00010001
01110111
00010111
01000100
01000100
11000100
01001100
01110111
11001100
01000100
00000111
00010001
01110111
00010111
01000100
01000100
11000100
01001100
01110111
11001100
01000100
00000111
01110111
01000100
01000100
01001100
01110111
00010001
01000100
01000100
01000100
11000100
00010001
01000100
01001100
01000100
11001100
00010001
01001100
01000100
00010001
01000100
01000100
11000100
-end packet, 1144 ms-
-456 ms-
-begin packet-
00010001
-end packet, 1 ms-
-1 ms-
-begin packet-
01110111
00010111
01000100
01000100
11000100
01001100
01110111
11001100
01000100
00000111
00010001
00010111
01001100
00010001
01000100
01000100
00010001
01000100
01000100
00010001
01000100
01000100
01000100
01110001
01001100
01000100
01000100
01000100
01000100
11000100
11000100
00000000
00010001
00010111
01001100
00010001
01000100
01000100
00010001
01000100
01000100
00010001
01000100
01000100
01000100
01110001
00010001
01000100
01000100
01000100
01000100
11000100
11000100
00000000
-end packet, 551 ms-
-583 ms-
-begin packet-
00010001
-end packet, 1 ms-
-1 ms-
-begin packet-
00010111
01001100
00010001
01000100
01000100
00010001
01000100
01000100
00010001
01000100
01000100
01000100
01110001
00010111
01000100
01000100
01000100
01000100
11000100
01000100
00000000
-end packet, 230 ms-
-609 ms-
-begin packet-
00010001
-end packet, 1 ms-
-2 ms-
-begin packet-
00010111
01001100
00010001
01000100
01000100
00010001
01000100
01000100
00010001
01000100
01000100
01000100
00010111
01000100
01000100
01000100
01000100
01000100
11000100
01000100
00000000
-end packet, 226 ms-
-599 ms-
-begin packet-
00010001
-end packet, 0 ms-
-2 ms-
-begin packet-
00010111
01001100
00010001
01000100
01000100
00010001
01000100
01000100
00010001
01000100
01000100
01000100
00010111
01001100
01000100
01000100
01000100
01000100
11000100
01110111
00000000
-end packet, 226 ms-
-611 ms-
-begin packet-
00010001
-end packet, 1 ms-
-1 ms-
-begin packet-
00010111
01001100
00010001
01000100
01000100
00010001
01000100
01000100
00010001
01000100
01000100
11000100
01000100
01000100
01000100
01000100
01000100
01000100
11000100
01001100
00000000
-end packet, 227 ms-