-144 ms-
-begin packet-
00010001
-end packet, 1 ms-
-1 ms-
-begin packet-
00010111
01001100
00010001
01000100
01000100
00010001
01000100
01000100
00010001
01000100
11000100
11000100
01001100
01001100
01000100
01000100
01000100
01000100
11000100
00010111
00000000
-end packet, 225 ms-
-602 ms-
-begin packet-
00010001
-end packet, 1 ms-
-1 ms-
-begin packet-
00010111
01001100
00010001
01000100
01000100
00010001
01000100
01000100
00010001
01000100
11000100
11000100
00010001
01000100
01000100
01000100
01000100
01000100
11000100
01001100
00000000
-end packet, 224 ms-
-613 ms-
-begin packet-
00010001
-end packet, 1 ms-
-2 ms-
-begin packet-
00010111
01001100
00010001
01000100
01000100
00010001
01000100
01000100
00010001
01000100
11000100
11000100
00010001
01001100
01000100
01000100
01000100
01000100
11000100
11001100
00000000
-end packet, 225 ms-
-497 ms-
-begin packet-
00000100
-end packet, 1 ms-
-2 ms-
-begin packet-
00010001
00001100
11001100
00000100
00000100
00000100
00001100
00000100
00010001
00000100
11000100
00010001
00010111
01001100
00010001
01000100
01000100
00010001
01000100
01000100
00010001
01000100
11000100
11000100
00010001
00010001
01000100
01000100
01000100
01000100
11000100
11001100
00000000
00010001
01110111
00010111
01000100
01000100
11000100
01001100
01110111
11001100
01000100
00000111
00010001
00010111
01110111
11000100
01000100
00010001
01000100
01001100
01000100
01000100
01000100
01000100
01000100
01000100
11001100
01001100
00010001
00010111
01001100
01110001
01000100
01000100
00010001
01000100
01000100
00010001
01000100
01000100
01000100
01000100
01000100
01000100
01000100
01000100
01000100
11000100
00010001
00000000
00010001
01110111
00010111
01000100
01000100
11000100
01001100
01110111
11001100
00000111
00010111
01000100
01000100
01000100
01000100
01000100
00000000
00010001
00010111
01001100
00010001
01000100
01000100
00010001
01000100
01000100
00010001
01000100
01000100
01000100
01000100
01001100
01000100
01000100
01000100
01000100
11000100
00010001
00000000
-end packet, 1217 ms-
-589 ms-
-begin packet-
00010001
-end packet, 1 ms-
-1 ms-
-begin packet-
00010111
01001100
00010001
01000100
01000100
00010001
01000100
01000100
00010001
01000100
01000100
01000100
01000100
00010001
01000100
01000100
01000100
01000100
11000100
01001100
00000000
-end packet, 225 ms-
-602 ms-
-begin packet-
00010001
-end packet, 1 ms-
-1 ms-
-begin packet-
00010111
01001100
00010001
01000100
01000100
00010001
01000100
01000100
00010001
01000100
01000100
01000100
01000100
00010111
01000100
01000100
01000100
01000100
11000100
11001100
00000000
-end packet, 223 ms-
-603 ms-
-begin packet-
00010001
-end packet, 1 ms-
-1 ms-
-begin packet-
00010111
01001100
00010001
01000100
01000100
00010001
01000100
01000100
00010001
01000100
01000100
01000100
11000100
01000100
01000100
01000100
01000100
01000100
11000100
11000100
00000000
-end packet, 226 ms-